1640749186.3996558189 0.082999996840953826904 0.076999999582767486572 0.035000000149011611938 -0.0053915876083982516853 -0.0094275648300152642411 0.70876934925099799312 0.70535669087827734813
1640749186.5993220806 0.076732426881790161133 0.097971513867378234863 0.0290248822420835495 -0.0053138660503258550172 -0.010103261539555430382 0.70835415635721343808 0.70576488727147856928
1640749186.7998070717 0.061798434704542160034 0.13324432075023651123 0.01884871162474155426 -0.0052178552979809979251 -0.011032463547101292387 0.70800063612703623139 0.70610633616891127495
1640749186.9994750023 0.064961597323417663574 0.12029653042554855347 0.022324638441205024719 -0.006050823900971421046 -0.01063332396537424937 0.70825009101707947501 0.70585560033612071429
1640749187.1999869347 0.063483826816082000732 0.10836752504110336304 0.028950471431016921997 -0.0062116673628257422501 -0.010327656686285878115 0.70837600250327859008 0.70573238112858227566
1640749187.3996701241 0.062043819576501846313 0.099918007850646972656 0.03194775804877281189 -0.0062264519393609822628 -0.010237567165946492159 0.70841084057916769989 0.70569859321433159316
1640749187.5993359089 0.070059604942798614502 0.10160588473081588745 0.03091802448034286499 -0.0057366537296929809298 -0.010321731080531611549 0.70854699370642726386 0.70556481656972591665
1640749187.7998259068 0.073655493557453155518 0.095225363969802856445 0.03235600888729095459 -0.0054022939286420415886 -0.0094939832569520404837 0.70867044385293098685 0.70545508823135938403
1640749187.9995148182 0.075764797627925872803 0.090782739222049713135 0.032225407660007476807 -0.0051084472343856622556 -0.0092645065505662649308 0.70862776751653977492 0.70550319615842471688
1640749188.1999969482 0.078874483704566955566 0.088865622878074645996 0.028470464050769805908 -0.0051458395324261900841 -0.0098344967916143763431 0.70874173497691816959 0.70538071713810690522
1640749188.3996658325 0.075939759612083435059 0.095531284809112548828 0.028121585026383399963 -0.005139214080274625944 -0.0099810314072054998058 0.70858291049811827911 0.70553825299603778465
1640749188.5993330479 0.075218446552753448486 0.092187196016311645508 0.029281340539455413818 -0.0058434083059424532514 -0.010289233530759226559 0.70870938044065368011 0.70540130445594184661
1640749188.7998180389 0.074332371354103088379 0.10336923599243164062 0.026771049946546554565 -0.0064125788791955587453 -0.011379321355655936526 0.70860304905047821755 0.70548643413886302778
1640749188.9995250702 0.073516413569450378418 0.10796888172626495361 0.021452438086271286011 -0.0057371258528607395333 -0.010446735189388300577 0.70848736713856008684 0.70562284665102947834
1640749189.1996109486 0.079333566129207611084 0.093975685536861419678 0.024569535627961158752 -0.0058917056974285546972 -0.009878708587664437879 0.70859461806452261889 0.70552205222133757001
1640749189.3993060589 0.078122347593307495117 0.089283011853694915771 0.025692844763398170471 -0.0051182591282570109176 -0.009370631771809492111 0.70848370474382582618 0.70564639501393111587
1640749189.599807024 0.073062889277935028076 0.091330654919147491455 0.020965857431292533875 -0.0057429185440330942497 -0.010033244302109002935 0.70861582639687181739 0.70549979693494535571
1640749189.7994859219 0.072455286979675292969 0.09679301828145980835 0.024756204336881637573 -0.0060519475846399070282 -0.010482745518517801522 0.70849483097718357616 0.70561218842607797974
1640749189.9999527931 0.073084264993667602539 0.10342326760292053223 0.023591492325067520142 -0.0062194086909123230678 -0.010756371652283993126 0.70842502226416370625 0.70567670165199047894
1640749190.1996400356 0.073092445731163024902 0.10417153686285018921 0.02438309788703918457 -0.0059596680836577747148 -0.010261296595619822172 0.70843337868444133942 0.7056779266168499154
1640749190.3993020058 0.07863938063383102417 0.10082180052995681763 0.027720907703042030334 -0.0054361687096225290439 -0.0098590676819617899945 0.7086792054285010467 0.70544101854615159919
1640749190.5997729301 0.076230674982070922852 0.11074320226907730103 0.027119757607579231262 -0.0055381978474912645777 -0.010209564393494699464 0.70827795271781690545 0.70583810810507752187
1640749190.7994580269 0.07357616722583770752 0.11549093574285507202 0.027034429833292961121 -0.0057244231426869848084 -0.010494372079537423598 0.70838170609955364299 0.70572831712906725077
1640749190.9999279976 0.07854099571704864502 0.10504396259784698486 0.029136909171938896179 -0.0057441561413839187233 -0.010613883431955212222 0.70869987649764043525 0.7054068579202680267
1640749191.1996090412 0.076575361192226409912 0.10170909017324447632 0.029564071446657180786 -0.0059453671817868381996 -0.010683172643503000346 0.70872103996921498315 0.70538288179987573834
1640749191.399310112 0.069523818790912628174 0.10419730097055435181 0.026705492287874221802 -0.0053870329076590572209 -0.00990781089819091354 0.70854386053011764179 0.70557665272083303076
1640749191.59979105 0.064503706991672515869 0.10838685929775238037 0.027533967047929763794 -0.005653466088667218753 -0.010374132609941985259 0.70839874893578136383 0.70571355959765669219
1640749191.7995049953 0.068086683750152587891 0.10768053680658340454 0.027231721207499504089 -0.0053059438973241997844 -0.0097368341356686548965 0.70852158430311196202 0.70560201643488884571
1640749191.9999921322 0.058566231280565261841 0.11450421065092086792 0.02619912661612033844 -0.0047372575353887723046 -0.0093548509903782078867 0.70832972828422691158 0.70580382627383397853
1640749192.1996641159 0.070136874914169311523 0.10868959873914718628 0.029037449508905410767 -0.0055778203867112557263 -0.010544665127271080768 0.70868492877824662557 0.70542424800942216123
1640749192.3993499279 0.066332533955574035645 0.10863548517227172852 0.030756434425711631775 -0.0059122041494834333408 -0.010636772596054380399 0.70853438294549120346 0.70557135223511358024
1640749192.5998270512 0.065766252577304840088 0.10306971520185470581 0.028395207598805427551 -0.0057927780895800657507 -0.010101765053480853823 0.70840327925083712568 0.70571183354926791953
1640749192.7995069027 0.070527464151382446289 0.09510873258113861084 0.027027396485209465027 -0.0053072279000649005137 -0.0095552393059978382728 0.70870040037795833943 0.70542488844521467062
1640749192.9999799728 0.073400899767875671387 0.10514408349990844727 0.024065047502517700195 -0.0053491537376882444116 -0.010138788342180640734 0.70863563901288961766 0.70548148285127698642
1640749193.1996669769 0.071818672120571136475 0.097019731998443603516 0.025005990639328956604 -0.0050597318040713837317 -0.0089894116383577860052 0.70860380893623287069 0.70553116979587082724
1640749193.3993530273 0.070834994316101074219 0.10880155861377716064 0.019522015005350112915 -0.0048257193686876819622 -0.00973972328292420364 0.70874236727580619544 0.70538365947279557666
1640749193.599820137 0.069096989929676055908 0.10461477190256118774 0.022260418161749839783 -0.0051996817591009637793 -0.010033713065473544648 0.70876967698952242358 0.70534944027190649152
1640749193.7995231152 0.067988343536853790283 0.090063922107219696045 0.021601095795631408691 -0.0050616603897592708089 -0.0091557163027714445758 0.70873557385979024659 0.70539665352106384333
1640749193.9996140003 0.066675290465354919434 0.092834487557411193848 0.022762311622500419617 -0.0055953362078424075804 -0.0099716598639168624318 0.70853358725910453586 0.70558444848084955758
1640749194.1996769905 0.066998779773712158203 0.099782042205333709717 0.025969149544835090637 -0.0061287968031414827297 -0.01078530290331383007 0.70846744606947176237 0.70563446128348206177
1640749194.3993430138 0.06935043632984161377 0.10065805166959762573 0.025897325947880744934 -0.0053328309521920649883 -0.0097314454412362420138 0.70852136432531254151 0.70560210896670194636
1640749194.5998132229 0.067402511835098266602 0.092345863580703735352 0.025910399854183197021 -0.0053609353103672941973 -0.0096045311536659995488 0.70864901889918041622 0.70547542931497286833
1640749194.7994949818 0.065584309399127960205 0.10994474589824676514 0.02095187455415725708 -0.0055131708135709193638 -0.010795552710026405652 0.70865351759196526515 0.70545251646996043338
1640749194.9999611378 0.064680770039558410645 0.098429493606090545654 0.023110391572117805481 -0.0055040584464121113106 -0.0098170467637422719615 0.70870598829677033947 0.70541417131055350609
1640749195.199652195 0.065138496458530426025 0.1023195311427116394 0.023354403674602508545 -0.0057379897468530843482 -0.010377309199441105483 0.70861645982568277624 0.7054942237832715346
1640749195.3993411064 0.066038265824317932129 0.1069591715931892395 0.023948011919856071472 -0.0051379776695856822083 -0.010167854230732234141 0.70877280756965443942 0.70534482572401346889
1640749195.5998239517 0.064927242696285247803 0.11552823334932327271 0.02524586021900177002 -0.0057082994134817696685 -0.010693702506541332559 0.70844380127050887719 0.7056631211037596163
1640749195.7994949818 0.064721681177616119385 0.10344276577234268188 0.027364335954189300537 -0.0058355789680534621636 -0.0097689890156319580256 0.7083861588104484186 0.7057333511160560624
1640749195.9996008873 0.06155154109001159668 0.10732143372297286987 0.025669086724519729614 -0.0053341420006328271741 -0.0099088519573973608129 0.70850653691308607129 0.70561451851094236787
1640749196.1996757984 0.059531226754188537598 0.099850639700889587402 0.026768991723656654358 -0.0056799232467055179099 -0.0096813386552270612462 0.70841723025347402842 0.70570463937383243191
1640749196.3993599415 0.056777492165565490723 0.099649481475353240967 0.025754060596227645874 -0.0056770938547268928048 -0.0098007407312577319441 0.70842307512679947301 0.70569714659645055299
1640749196.5994720459 0.059354584664106369019 0.09486077725887298584 0.029739359393715858459 -0.0058466265359148547609 -0.0095583730971556500611 0.70848385293986260169 0.7056380691157276841
1640749196.7999529839 0.068227492272853851318 0.10096549242734909058 0.02966353297233581543 -0.00589183823667791505 -0.010308172135310938664 0.70844666282640778032 0.70566447675899612868
1640749196.999628067 0.066467493772506713867 0.11143406480550765991 0.023082835599780082703 -0.0046712905615229460138 -0.009604526439119709727 0.70857898596385215928 0.7055506734224048504
1640749197.1992959976 0.066388405859470367432 0.11151563376188278198 0.022047871723771095276 -0.0054483066073209547933 -0.010124082736657498416 0.7086279446689425221 0.70548866393310960543
1640749197.3997528553 0.066038019955158233643 0.10800053179264068604 0.019958838820457458496 -0.0053910142862551658008 -0.010104735718022077665 0.70875319665696290272 0.70536354988726968074
1640749197.5994360447 0.060329437255859375 0.11593216657638549805 0.020285125821828842163 -0.0058480107172039072147 -0.010711335336374054258 0.70844000303185516998 0.70566552287198236471
1640749197.7995169163 0.067213207483291625977 0.11099900305271148682 0.024933351203799247742 -0.0057287434157534001394 -0.010717009711572344013 0.70870395735513358471 0.70540132409210243303
1640749197.9999830723 0.066835895180702209473 0.11673266440629959106 0.025527073070406913757 -0.0055506563945115043601 -0.010138669468581199343 0.7084134760620923732 0.70570301439672200594
1640749198.1996841431 0.061552643775939941406 0.12154689431190490723 0.025071620941162109375 -0.0055579616894646374434 -0.010321465546228474064 0.70840178940965481402 0.70571203842079632818
1640749198.3993768692 0.066288687288761138916 0.10777923464775085449 0.027189834043383598328 -0.0059809393481039460627 -0.0099787926445736568198 0.70851368056342955981 0.70560117383429388216
1640749198.5994460583 0.064083427190780639648 0.09963496774435043335 0.026601647958159446716 -0.0052719012331379410882 -0.0099749893856938467301 0.70853786821635089677 0.70558259328555750223
1640749198.7999360561 0.062805607914924621582 0.10821504145860671997 0.022726625204086303711 -0.0051859064214677267138 -0.010053793961134184498 0.70859769498121116804 0.70552202961274668169
1640749198.999628067 0.06350727379322052002 0.10813815891742706299 0.023098962381482124329 -0.0054089952458094645721 -0.010295295311566796115 0.70863102596438187764 0.70548339364264678331
1640749199.1993238926 0.066892750561237335205 0.10577012598514556885 0.025228930637240409851 -0.00536186453925058433 -0.0098725287702912147003 0.70840024039553950441 0.70572153360364753283
1640749199.399780035 0.065708994865417480469 0.11502700299024581909 0.025355853140354156494 -0.0058870176998604660523 -0.010677284176461228002 0.70841321653321931429 0.70569260536459832434
1640749199.5994648933 0.0649889335036277771 0.11137873679399490356 0.024469966068863868713 -0.0045653031093565357018 -0.0091597610048809782052 0.70860695982114041414 0.70552918669527353579
1640749199.7999238968 0.06379108130931854248 0.095025651156902313232 0.032147809863090515137 -0.0065240444276456477368 -0.010635079371488890404 0.70847149061878889054 0.70562913694904882966
1640749199.9996311665 0.065079428255558013916 0.099567167460918426514 0.031392145901918411255 -0.0054056679834711910543 -0.010090188066797603841 0.70858632963672130156 0.70553127521775327313
1640749200.1993191242 0.062439024448394775391 0.10088104009628295898 0.026460135355591773987 -0.005044401153558447648 -0.010076933814270704406 0.70848607280741815462 0.70563481636029445898
1640749200.3997781277 0.063896775245666503906 0.091385431587696075439 0.031174063682556152344 -0.0056896386320164169664 -0.010036672443391198711 0.70850406771314899945 0.70561241432703181164
1640749200.5994591713 0.065049730241298675537 0.093255400657653808594 0.030859202146530151367 -0.0048830041839376548546 -0.0093753768456641944223 0.70868097443850674999 0.70544988131548358457
1640749200.7999601364 0.069963745772838592529 0.090875439345836639404 0.032295785844326019287 -0.0052388540012580173816 -0.0094947719243721768329 0.70873489485457386028 0.70539155972433764674
1640749200.9995939732 0.06881211698055267334 0.097019620239734649658 0.029163708910346031189 -0.0052434558839266872179 -0.009720999432519486505 0.70859237674891295544 0.70553160946463111536
1640749201.1992981434 0.068759486079216003418 0.093055129051208496094 0.030563728883862495422 -0.0054737913155225581541 -0.0098050102175494431578 0.70861224961525381971 0.70550873777613620774
1640749201.3997619152 0.068160809576511383057 0.086920656263828277588 0.030253551900386810303 -0.0046731761049279545855 -0.0087748729509673946414 0.7086670547923684671 0.70547301045589072555
1640749201.599460125 0.063920348882675170898 0.086790025234222412109 0.027134159579873085022 -0.005515022059084744542 -0.010239665137038281989 0.70834584567983738257 0.70576971931196175181
1640749201.7999308109 0.071134030818939208984 0.094734340906143188477 0.026262274011969566345 -0.0050360056494999031612 -0.009533870560607976552 0.70853372316846208179 0.70559457700032601757
1640749201.9995970726 0.072824060916900634766 0.09173507988452911377 0.029093598946928977966 -0.0053951403314250901549 -0.0096655444690669448798 0.70863355403703598423 0.70548986938421709425
1640749202.1992819309 0.071189589798450469971 0.098204113543033599854 0.027039015665650367737 -0.0053788579136177022341 -0.0099020321231657326688 0.7085822570253295094 0.70553823615468680419
1640749202.3997571468 0.070945374667644500732 0.08562529832124710083 0.030171014368534088135 -0.0051402096702364858533 -0.0092232947925882692586 0.70874567245987307729 0.70538505856526168003
1640749202.5994460583 0.07136650383472442627 0.088558770716190338135 0.0285569019615650177 -0.0051819991659975573467 -0.009706104588461255539 0.70865578945820750789 0.70546857512275196189
1640749202.7999308109 0.071192331612110137939 0.092625312507152557373 0.025886194780468940735 -0.0044876501589591524105 -0.0090455252344901048572 0.70860573617839350824 0.70553238772175430604
1640749202.9996089935 0.073016777634620666504 0.089265815913677215576 0.030220165848731994629 -0.0057271528085674310027 -0.0098093128573570262385 0.70847671721321758831 0.70564276958582683452
1640749203.1993079185 0.072638481855392456055 0.088319793343544006348 0.030384739860892295837 -0.0056101701098177012006 -0.0096460730525132591662 0.70855546971775740239 0.70556688244209186944
1640749203.3997738361 0.070174150168895721436 0.08694919198751449585 0.034032039344310760498 -0.006377761801169417287 -0.010252347144273912458 0.7083813481285696767 0.70572663202970531415
1640749203.5994529724 0.067255727946758270264 0.093907468020915985107 0.026561910286545753479 -0.0054631495064630794176 -0.010020228565401832072 0.70856297247630772862 0.70555528702753433912
1640749203.7999410629 0.070416599512100219727 0.092240907251834869385 0.030407525599002838135 -0.0055798630918417069929 -0.0096982713494914406238 0.70865072971876330588 0.70547073073925048448
1640749203.9996380806 0.072166576981544494629 0.096866175532341003418 0.028093641623854637146 -0.0048007953682586805566 -0.0093858582879233383445 0.70868503951066197377 0.7054462224732673814
1640749204.1993038654 0.064955741167068481445 0.08476372063159942627 0.024971643462777137756 -0.0051360264082368923405 -0.0094707072323422028526 0.70838191727276733634 0.70574711208634188786
1640749204.3997960091 0.067338392138481140137 0.094073519110679626465 0.029739456251263618469 -0.0058681834400099424504 -0.010289564880025057342 0.70824195791433841585 0.70587039768455994704
1640749204.5995020866 0.071865372359752655029 0.097926244139671325684 0.027459762990474700928 -0.0056275931882665301484 -0.010361539011176127204 0.70859326377961584509 0.70551864272347841744
1640749204.7999830246 0.063274689018726348877 0.098654367029666900635 0.027354499325156211853 -0.0058230871410592296294 -0.0099346007990114316988 0.70837888940782822722 0.7057384390866376922
1640749204.999655962 0.063914000988006591797 0.095773436129093170166 0.02527211606502532959 -0.0051898249528347321219 -0.0095784106668723931199 0.70870807520238476851 0.70541773716641598124
1640749205.1993360519 0.067892059683799743652 0.093642540276050567627 0.02846970781683921814 -0.0058457671989309411414 -0.0099960329966698197729 0.70854771549481276871 0.70556788560511130015
1640749205.3998270035 0.06723795086145401001 0.10217270255088806152 0.025443185120820999146 -0.0050831478462682114228 -0.0097279740984637323026 0.70842642755529339205 0.70569931618867054457
1640749205.5995111465 0.066401779651641845703 0.097774863243103027344 0.029813870787620544434 -0.0057480560273432020069 -0.010028615335908368233 0.70825289776920841156 0.70586416506851390462
1640749205.7999620438 0.070889458060264587402 0.093877606093883514404 0.030575349926948547363 -0.0050894633599841213045 -0.0093353300597996471955 0.70860652386224176613 0.70552373689001557366
1640749205.9996538162 0.069408558309078216553 0.097930185496807098389 0.027822462841868400574 -0.005596866978739704554 -0.010254250721515364292 0.70860592858029958219 0.70550773447426773366
1640749206.1993401051 0.068286322057247161865 0.098901771008968353271 0.028331954032182693481 -0.0057790206141832131323 -0.010298380534933239405 0.70854645112011338526 0.70556535691896848927
1640749206.3998131752 0.064857698976993560791 0.10413883626461029053 0.032865703105926513672 -0.0059447592378496921794 -0.010482407333339738634 0.70841146062904203351 0.70569680559254988061
1640749206.5994889736 0.066473796963691711426 0.10351389646530151367 0.0307968873530626297 -0.0054849041252416630421 -0.0099721631556061798851 0.70854678567240259035 0.70557205464930461414
1640749206.7999658585 0.065952531993389129639 0.10573153197765350342 0.029625635594129562378 -0.0050154322946743233602 -0.0096141593166475941556 0.70837341878963444586 0.70575456989793339257
1640749206.999655962 0.0667630806565284729 0.10157275944948196411 0.032082628458738327026 -0.0055891606211331372467 -0.0098463938673487034353 0.70831583337199210959 0.70580485263697390064
1640749207.1993541718 0.064383871853351593018 0.10063684731721878052 0.031228296458721160889 -0.0055603999879058219752 -0.0099734591232726755444 0.70845755347126293522 0.70566104256548267681
1640749207.3998389244 0.060768838971853256226 0.098477512598037719727 0.034072782844305038452 -0.0065037291334525387104 -0.010547779402883171451 0.7082736767090381802 0.7058291894914007214
1640749207.5995180607 0.06290546804666519165 0.10250022262334823608 0.031067412346601486206 -0.0058401721577718505168 -0.010446597648673516118 0.70840845501456883859 0.70570122704343241082
1640749207.7999889851 0.066093668341636657715 0.096610218286514282227 0.033960174769163131714 -0.0060386126435253480865 -0.010046620716738631149 0.70842817180815231826 0.70568557159550493463
1640749207.9996647835 0.069866158068180084229 0.083041734993457794189 0.037002947181463241577 -0.0059946270774330987635 -0.0096482417042457122025 0.70847443286163558351 0.70564506223710132815
1640749208.1993629932 0.069586090743541717529 0.088953003287315368652 0.029610538855195045471 -0.0051391700416034517829 -0.0097834874199033416975 0.70855429274138448381 0.70556976022427742024
1640749208.399821043 0.06224276125431060791 0.11085169762372970581 0.026880955323576927185 -0.0059589741076965085237 -0.010811618389369972298 0.70830751518839119019 0.70579604948103336071
1640749208.5994939804 0.05992153659462928772 0.11353291571140289307 0.02436855807900428772 -0.0056778377083756782426 -0.010707254215285235202 0.70856052955652870651 0.70554595372711070844
1640749208.7999739647 0.062015965580940246582 0.11300042271614074707 0.024779452010989189148 -0.006049640372806986896 -0.01085593955596208908 0.70854922770444284108 0.70555194163658463413
1640749208.9996669292 0.064786791801452636719 0.10946724563837051392 0.02553328685462474823 -0.0056703042645713571529 -0.010086112412719271461 0.70858025098924803942 0.70553536119315773956
1640749209.1993441582 0.067946873605251312256 0.10727395862340927124 0.028346706181764602661 -0.0059569967906546701999 -0.010292170400705537986 0.70850431424432425143 0.70560627981535062325
1640749209.3998231888 0.066479615867137908936 0.11296946555376052856 0.026303706690669059753 -0.0056967251334461670165 -0.010728505653474579296 0.70840814846625188572 0.7056984778755118759
1640749209.5995149612 0.069075904786586761475 0.11310045421123504639 0.031079670414328575134 -0.0064960934566532504628 -0.010661549939479025156 0.70850150419023183446 0.70559885960995516463
1640749209.7999930382 0.067416496574878692627 0.10902050882577896118 0.030560670420527458191 -0.006451540616015828157 -0.011184117044908714264 0.70859985199528874311 0.7054924116543427326
1640749209.9996678829 0.064517654478549957275 0.10261771827936172485 0.031149761751294136047 -0.005512364110714283727 -0.0091403139791211823056 0.70856579621552118198 0.7055640161854477288
1640749210.1993379593 0.063903972506523132324 0.095711253583431243896 0.030356129631400108337 -0.0054402529133189556423 -0.0094308071781362586006 0.70854903085273057695 0.70557758921458380019
1640749210.3997991085 0.070400409400463104248 0.10315801948308944702 0.03531405329704284668 -0.0060602805380129626603 -0.010089611720745596951 0.70857318243350619902 0.70553916820484052774
1640749210.59947896 0.071379385888576507568 0.10044949501752853394 0.036635268479585647583 -0.0057117790179641277429 -0.0090608319014096449368 0.70854314027589204716 0.70558620683349659863
1640749210.7999680042 0.070184141397476196289 0.10266570001840591431 0.031904608011245727539 -0.0053212002688753550286 -0.010111730100843284441 0.70855683248083722869 0.70556123255660030402
1640749210.9996609688 0.061366613954305648804 0.1253280937671661377 0.028843922540545463562 -0.00582648558790201717 -0.010595543021144975329 0.70835007743274402969 0.70575771645431317758
1640749211.1993541718 0.062981963157653808594 0.12328757345676422119 0.031406957656145095825 -0.0063294435460696778922 -0.010771401201870072634 0.70856663171349454355 0.70553330430443794707
1640749211.3994438648 0.060483213514089584351 0.1100869104266166687 0.03206772729754447937 -0.0056681926084975811642 -0.0096772361983481769432 0.70852724312676329532 0.70559433702326612714
1640749211.5995209217 0.064597725868225097656 0.096248686313629150391 0.030200710520148277283 -0.0058656892040245935463 -0.010566415427575226102 0.70843919481347450429 0.70566837240109436813
1640749211.7996070385 0.066042080521583557129 0.087793245911598205566 0.034385241568088531494 -0.0063700866174822351126 -0.0097234065536387186135 0.70850937268711444705 0.70560565911562089791
1640749211.9992918968 0.062444113194942474365 0.089071281254291534424 0.032248873263597488403 -0.0055077866127548986627 -0.0098184305000020861282 0.70838046478907501502 0.70574101468907057821
1640749212.1997561455 0.062077157199382781982 0.12373402714729309082 0.026272777467966079712 -0.0058033793918789208094 -0.010997623151981569464 0.70834541590902522223 0.70575643449656988437
1640749212.3994340897 0.067301899194717407227 0.14188422262668609619 0.032001961022615432739 -0.0062148977050906209149 -0.010215171758146571884 0.70881738399182470101 0.70529067870166328724
1640749212.599930048 0.065229125320911407471 0.1353038400411605835 0.03034367784857749939 -0.0062322668697463931564 -0.010232281272964580815 0.70869271809006817442 0.7054155446229736226
1640749212.7996070385 0.07079807668924331665 0.12608437240123748779 0.029868459329009056091 -0.0056930902866936666795 -0.0095795240866643743133 0.70883996718034869566 0.70528130725904147891
1640749212.999669075 0.06835088878870010376 0.12962760031223297119 0.032248117029666900635 -0.005975895153796422811 -0.0098771629328434432105 0.70852978526707222073 0.70558647501132365498
1640749213.1993222237 0.066313877701759338379 0.1151917576789855957 0.032758604735136032104 -0.0060700585689793962879 -0.010215023763277856009 0.708334680320508836 0.7057767269708794533
1640749213.3997881413 0.065359450876712799072 0.11150336265563964844 0.0296077728271484375 -0.0062671514079029704003 -0.011378207195079176328 0.70847036429724929985 0.70562100459579524259
1640749213.5994839668 0.059478845447301864624 0.1125702783465385437 0.02476795390248298645 -0.0062551345868697054778 -0.010660312498220405816 0.70829180585542350634 0.7058115533106577022
1640749213.7999589443 0.060218226164579391479 0.10661216080188751221 0.025985712185502052307 -0.0058906939972811715039 -0.0095976069604712631322 0.70847957887973911362 0.70564146134935290533
1640749213.9996509552 0.062127921730279922485 0.097732655704021453857 0.026120310649275779724 -0.0057264374553438451149 -0.0099922371757322006602 0.70844950853027410798 0.7056675258034106335
1640749214.1993260384 0.067364007234573364258 0.10908271372318267822 0.022681906819343566895 -0.0056768466960959041573 -0.010466516427898876415 0.70853796900442322926 0.70557223012569036946
1640749214.39980793 0.071725226938724517822 0.11679770052433013916 0.018110536038875579834 -0.0046293901284513213484 -0.0097323382015023999353 0.70872114684794473849 0.70540639800805904347
1640749214.5994939804 0.069363616406917572021 0.11377995461225509644 0.017552820965647697449 -0.0049650312085912848281 -0.0099353083818969987334 0.7086835990238865568 0.70543900841036977223
1640749214.7999639511 0.069802202284336090088 0.11132598668336868286 0.018661988899111747742 -0.0057526036677711328907 -0.011172142276685718965 0.70859426818492388112 0.70550425504277680666
1640749214.9996201992 0.065598353743553161621 0.11400046199560165405 0.02313477732241153717 -0.0059098231527175779793 -0.01044565615788526497 0.70855098254102288902 0.70555755782068274584
1640749215.1992919445 0.059521824121475219727 0.11319584399461746216 0.026133077219128608704 -0.0062448949643203674476 -0.011554808411223728426 0.70842943373257116768 0.70565942572236162178
1640749215.3997759819 0.058350183069705963135 0.12045571208000183105 0.026419578120112419128 -0.0058074795400482491156 -0.010319332450297322504 0.70848090827945031656 0.7056306308279829409
1640749215.5994539261 0.065399438142776489258 0.13594341278076171875 0.021886419504880905151 -0.0067348662176572584789 -0.012572607587374384774 0.7080704226860529138 0.70599776744170983367
1640749215.7999207973 0.085271410644054412842 0.1285238116979598999 0.023326313123106956482 -0.0055755113489571834703 -0.010294669255365837199 0.70869689242163647069 0.70541593980433681121
1640749215.9996030331 0.083552770316600799561 0.11863799393177032471 0.021101284772157669067 -0.0048999783492911586427 -0.0098609135192891245181 0.70886287211757881277 0.705260364071283119
1640749216.1993129253 0.071976087987422943115 0.11099885404109954834 0.02450384385883808136 -0.0061462887602194687248 -0.010991747291315408924 0.70839868857748888864 0.70570015066432700834
1640749216.3998048306 0.074411422014236450195 0.10836783051490783691 0.029103381559252738953 -0.0057037086615012687341 -0.0099489716819899098876 0.70870814435066031844 0.70540857083042274311
1640749216.5994770527 0.07261546701192855835 0.11651068180799484253 0.029313771054148674011 -0.0062016671495845332451 -0.01055260557858737902 0.708579346272226962 0.70552497608269837404
1640749216.7999510765 0.073192164301872253418 0.11579038947820663452 0.029952637851238250732 -0.0057642223579988539212 -0.0094829062419657227795 0.70859779963458113805 0.70552534085094609217
1640749216.9996170998 0.072568677365779876709 0.11265312880277633667 0.024374039843678474426 -0.005148729948766563036 -0.0096312188924129963491 0.70865904059641682267 0.70546657921089872545
1640749217.1992928982 0.075149767100811004639 0.11311479657888412476 0.02881647646427154541 -0.0056482637416066213201 -0.0092118288022667062231 0.70877345351811471552 0.70535340852286798619
1640749217.3997659683 0.074274212121963500977 0.11390054225921630859 0.028616592288017272949 -0.0055644217930712735337 -0.0094630418372536467819 0.70863793209982983701 0.70548690224452248465
1640749217.5994501114 0.068304605782032012939 0.12108822911977767944 0.029830450192093849182 -0.0059861733300621607773 -0.0099663529103870794612 0.70860991921230231938 0.70550465620891722462
1640749217.7999260426 0.068368926644325256348 0.1221480146050453186 0.032708525657653808594 -0.0060245805695600578369 -0.0099920584902770948066 0.70859937963987384979 0.70551455149420816415
1640749217.9996061325 0.066093131899833679199 0.12086153030395507812 0.034480068832635879517 -0.0058709835005288681098 -0.010000425780848106946 0.70828843187950130122 0.70582789708442073007
1640749218.1992981434 0.062418013811111450195 0.11906833946704864502 0.028188858181238174438 -0.0059347461813519433033 -0.011351462169082933082 0.70833284680416452872 0.70576235464403647146
1640749218.3997619152 0.072035387158393859863 0.11513565480709075928 0.035212695598602294922 -0.0060660718321636645026 -0.0096282407654775855471 0.70876367240165039085 0.70535420636444423614
1640749218.5994329453 0.071994595229625701904 0.10745280981063842773 0.032112266868352890015 -0.0060140104189420721947 -0.010488762922131319652 0.70855657139083083607 0.70555042532048317661
1640749218.7995009422 0.069118089973926544189 0.1164356917142868042 0.028253579512238502502 -0.0053656901677762366965 -0.0098686654224800756524 0.70856972680880436766 0.70555138796681493574
1640749218.999974966 0.069699056446552276611 0.15270312130451202393 0.029220880940556526184 -0.0064232002145199317694 -0.011129162207689478198 0.70857245497933185607 0.70552105588148261717
1640749219.1996591091 0.073475249111652374268 0.11377456039190292358 0.029310308396816253662 -0.0048870404657183940181 -0.0089122363504540204338 0.70864809965439867767 0.70548887995129283546
1640749219.3993520737 0.085729040205478668213 0.097672522068023681641 0.02753429114818572998 -0.0049415427463415512177 -0.0099845357186608800493 0.70900847819175416564 0.70511195426966177813
1640749219.599834919 0.086768165230751037598 0.096729271113872528076 0.030325096100568771362 -0.0055963443924543915253 -0.010517355207460967609 0.70881841579056714675 0.70529037963453866666
1640749219.7995021343 0.085017085075378417969 0.094539850950241088867 0.024996586143970489502 -0.0064754606025249298457 -0.011023868876465543407 0.70847589013467748842 0.70561920029351232753
1640749219.9999859333 0.074621580541133880615 0.099330022931098937988 0.026024527847766876221 -0.0063038138672540117852 -0.011447874142675815851 0.70837715660920619332 0.70571312309081857261
1640749220.1996769905 0.067441679537296295166 0.10412199795246124268 0.026597926393151283264 -0.0052881561896130305916 -0.0098521988980492074262 0.70839997587766878606 0.70572263939702672975
1640749220.3993599415 0.071821272373199462891 0.10062147676944732666 0.028830597177147865295 -0.0059976131631698081231 -0.010803481089951204666 0.70839931356334051582 0.70570370976470853108
1640749220.599832058 0.072730273008346557617 0.096526741981506347656 0.029815943911671638489 -0.0053271240305018813244 -0.0089931562020024446991 0.70863101682763285361 0.70550182627752644482
1640749220.7995147705 0.079333186149597167969 0.10212792456150054932 0.033320818096399307251 -0.0060910110555185839956 -0.010988491305685250954 0.70867284653134066108 0.70542536758491558579
1640749220.9999930859 0.0832422599196434021 0.099064901471138000488 0.036657828837633132935 -0.006616805346996088022 -0.011302066751275430256 0.70859512136482727396 0.70549375273783643259
1640749221.1996951103 0.07811686396598815918 0.097390919923782348633 0.038777627050876617432 -0.0066046515959561468562 -0.010612827044000737106 0.70833409238570255173 0.70576664701837066307
1640749221.3993840218 0.073146842420101165771 0.094505436718463897705 0.030263159424066543579 -0.0047807381332561071918 -0.0086939659399036337689 0.7085939111703022375 0.70554675858621207496
1640749221.5994827747 0.071232080459594726562 0.10093957185745239258 0.030311981216073036194 -0.0058529827371799954955 -0.010479722564802547088 0.70843535139488322816 0.70567362916723130883
1640749221.7999548912 0.077473327517509460449 0.10354588925838470459 0.029635267332196235657 -0.0055432519278703611815 -0.0096436797808350949862 0.70856837162592722912 0.70555448728622727206
1640749221.999642849 0.07201842963695526123 0.1091993376612663269 0.028580933809280395508 -0.0047583896369443479807 -0.0090151574524775391489 0.70849609881478026185 0.70564110043874794798
1640749222.1993260384 0.066816769540309906006 0.10930331051349639893 0.029325187206268310547 -0.0060465357348687322897 -0.010002772012964870549 0.70831680097043758781 0.70579791259302326889
1640749222.3997991085 0.066296838223934173584 0.10934766381978988647 0.030367048457264900208 -0.0058243094735602150835 -0.01029189559121841159 0.70854923788096590975 0.70556228059796255447
1640749222.5994820595 0.067540608346462249756 0.10822851955890655518 0.032931320369243621826 -0.0059799495163866834418 -0.010507005942686586594 0.70847482661315275276 0.70563252694682732091
